CICDDoS2019 FedAvg:
1.losses_centralized [(0, 0.00015056385803222656), (1, 0.000155355224609375), (2, 0.00013385609436035155), (3, 0.00011074392700195312), (4, 9.893773651123047e-05), (5, 8.763913726806641e-05), (6, 8.786256408691407e-05), (7, 8.011539459228516e-05), (8, 7.885035705566407e-05), (9, 7.674244689941406e-05), (10, 7.724567413330079e-05), (11, 7.51748046875e-05), (12, 7.09059066772461e-05), (13, 7.123036956787109e-05), (14, 6.963818359375e-05), (15, 7.024172973632812e-05), (16, 7.231837463378906e-05), (17, 6.813994598388672e-05), (18, 6.794043731689453e-05), (19, 6.524508666992188e-05), (20, 6.92929458618164e-05)]
metrics_centralized {'accuracy': [(0, 0.070828), (1, 0.522127), (2, 0.503726), (3, 0.534692), (4, 0.538733), (5, 0.561427), (6, 0.584603), (7, 0.608663), (8, 0.610069), (9, 0.599564), (10, 0.58606), (11, 0.600094), (12, 0.598886), (13, 0.599948), (14, 0.604556), (15, 0.598373), (16, 0.598303), (17, 0.597808), (18, 0.60565), (19, 0.603469), (20, 0.59789)]}
2.losses_centralized [(0, 0.00015290451049804687), (1, 0.0002037772979736328), (2, 0.0001188478012084961), (3, 0.0001140562744140625), (4, 0.00010555089569091796), (5, 9.751801300048828e-05), (6, 8.783932495117187e-05), (7, 8.818844604492188e-05), (8, 9.206346130371093e-05), (9, 8.731367492675782e-05), (10, 8.400027465820313e-05), (11, 8.275271606445313e-05), (12, 7.893376159667968e-05), (13, 8.0618896484375e-05), (14, 8.042945098876953e-05), (15, 7.869074249267578e-05), (16, 7.631855010986328e-05), (17, 7.100086975097657e-05), (18, 7.232896423339844e-05), (19, 6.764795684814453e-05), (20, 6.713542175292969e-05)]
metrics_centralized {'accuracy': [(0, 0.05), (1, 0.500702), (2, 0.504728), (3, 0.503249), (4, 0.505176), (5, 0.580199), (6, 0.590462), (7, 0.561643), (8, 0.593632), (9, 0.610387), (10, 0.613743), (11, 0.592041), (12, 0.620285), (13, 0.598496), (14, 0.596515), (15, 0.609503), (16, 0.609543), (17, 0.596464), (18, 0.606669), (19, 0.613843), (20, 0.60812)]}
3.losses_centralized [(0, 0.00015257269287109374), (1, 0.0002211698760986328), (2, 0.00012495555114746095), (3, 0.00011262697601318359), (4, 0.00010537152099609375), (5, 0.00010087232971191407), (6, 9.650676727294922e-05), (7, 9.52246551513672e-05), (8, 9.284107208251953e-05), (9, 8.851715850830078e-05), (10, 8.575824737548829e-05), (11, 8.662493896484375e-05), (12, 8.948761749267579e-05), (13, 9.083307647705078e-05), (14, 8.665264892578124e-05), (15, 8.796790313720704e-05), (16, 8.502159118652344e-05), (17, 9.150987243652344e-05), (18, 8.473251342773437e-05), (19, 8.461943054199219e-05), (20, 8.221849822998047e-05)]
{'accuracy': [(0, 0.068526), (1, 0.5), (2, 0.501524), (3, 0.503876), (4, 0.53552), (5, 0.549452), (6, 0.540052), (7, 0.558721), (8, 0.55499), (9, 0.553072), (10, 0.596462), (11, 0.595354), (12, 0.574987), (13, 0.59359), (14, 0.596722), (15, 0.587761), (16, 0.593619), (17, 0.597574), (18, 0.59285), (19, 0.592524), (20, 0.591116)]}

CICDDoS2019 FedAvgM:
1.losses_centralized [(0, 0.00015274716186523438), (1, 0.00018903167724609375), (2, 0.00041760400390625), (3, 0.0002842760009765625), (4, 0.0007035289306640624), (5, 0.00047494894409179687), (6, 0.00024350978088378907), (7, 0.00033862542724609376), (8, 7.311236572265625e-05), (9, 0.00011978614807128906), (10, 0.0001184871597290039), (11, 0.0001171595687866211), (12, 0.00013984609985351562), (13, 6.751841735839844e-05), (14, 4.924261474609375e-05), (15, 5.2717365264892575e-05), (16, 5.0940494537353516e-05), (17, 6.345718383789063e-05), (18, 6.0636295318603515e-05), (19, 4.9465167999267575e-05), (20, 4.910222625732422e-05)]
metrics_centralized {'accuracy': [(0, 0.05), (1, 0.508582), (2, 0.563875), (3, 0.55555), (4, 0.485966), (5, 0.561148), (6, 0.152281), (7, 0.117982), (8, 0.635075), (9, 0.50096), (10, 0.516992), (11, 0.555463), (12, 0.527989), (13, 0.677834), (14, 0.694969), (15, 0.62287), (16, 0.650314), (17, 0.664017), (18, 0.672615), (19, 0.70076), (20, 0.678473)]}
2.
3.